TF	T034342_2.00
TF Name	SREBF2
Gene	ENSG00000198911
Motif	M02811_2.00
Family	bHLH
Species	Homo_sapiens
Pos	A	C	G	T
1	0.681241184767278	0.0667606958157029	0.248942172073343	0.00305594734367654
2	0.0857843137254902	0.0289661319073084	0.0035650623885918	0.88168449197861
3	0.0017583521728209	0.9939713639789	0.00401909068073348	0.000251193167545843
4	0.978002965892239	0.000494315373208107	0.018536826495304	0.00296589223924864
5	0.00074019245003701	0.976313841598816	0.0202319269676783	0.00271403898346904
6	0.00486223662884927	0.0789534614494096	0.916184301921741	0.0
7	0.0103749115774581	0.0565904267861353	0.0	0.933034661636406
8	0.000753579502637528	0.00326551117809596	0.9939713639789	0.00200954534036674
9	0.959040232670868	0.00193892389723703	0.00945225399903054	0.0295685894328648
10	0.00490075961774075	0.518010291595197	0.0254839500122519	0.45160499877481


TF	T034342_2.00
TF Name	SREBF2
Gene	ENSG00000198911
Motif	M03591_2.00
Family	bHLH
Species	Homo_sapiens
Pos	A	C	G	T
1	0.314407381121363	0.190205819730305	0.237757274662881	0.257629524485451
2	0.623324396782842	0.0462466487935657	0.321045576407507	0.00938337801608579
3	0.0283018867924528	0.0188679245283019	0.00336927223719677	0.949460916442049
4	0.00422535211267606	0.992253521126761	0.0028169014084507	0.000704225352112676
5	0.983938547486033	0.0	0.00418994413407821	0.0118715083798883
6	0.00279329608938547	0.983938547486033	0.00488826815642458	0.00837988826815642
7	0.190079016681299	0.182616330114135	0.618525021949078	0.00877963125548727
8	0.00349895031490553	0.986004198740378	0.0	0.0104968509447166
9	0.00747556066705003	0.810235767682576	0.144910868315124	0.0373778033352501
10	0.993653032440056	0.0	0.00211565585331453	0.00423131170662906
11	0.00210084033613445	0.684173669467787	0.0119047619047619	0.301820728291317
12	0.212207239176721	0.492547906316537	0.0688431511710433	0.226401703335699


TF	T034342_2.00
TF Name	SREBF2
Gene	ENSG00000198911
Motif	M04219_2.00
Family	bHLH
Species	Homo_sapiens
Pos	A	C	G	T
1	0.659058075700665	0.107483386304536	0.226524125975152	0.0069344120196475
2	0.0224763406940063	0.0733438485804416	0.00473186119873817	0.899447949526814
3	0.00470890410958904	0.976455479452055	0.0188356164383562	0.0
4	0.971878994461014	0.0	0.0234341712824883	0.00468683425649766
5	0.00251572327044025	0.956394129979036	0.0146750524109015	0.0264150943396226
6	0.149524101934295	0.136935830518882	0.700337734111145	0.013202333435677
7	0.0126528890763391	0.962041332770983	0.00421762969211303	0.0210881484605652
8	0.0	0.812900926585887	0.158232359230221	0.0288667141838917
9	0.99217050891692	0.000869943453675511	0.00434971726837756	0.00260983036102653
10	0.00043271311120727	0.659887494591086	0.0125486802250108	0.327131112072696


TF	T034342_2.00
TF Name	SREBF2
Gene	ENSG00000198911
Motif	M04220_2.00
Family	bHLH
Species	Homo_sapiens
Pos	A	C	G	T
1	0.813857897827364	0.099236641221374	0.0869054609512625	0.0
2	0.0997552019583843	0.0520195838433293	0.0	0.848225214198286
3	0.0	0.996405463695183	0.00215672178289001	0.00143781452192667
4	0.820603907637655	0.0029603315571344	0.172291296625222	0.00414446417998816
5	0.0	0.907068062827225	0.0798429319371728	0.0130890052356021
6	0.0178685386088066	0.0976388002552648	0.884492661135929	0.0
7	0.00231481481481481	0.193287037037037	0.00231481481481481	0.802083333333333
8	0.0150581793292266	0.0301163586584531	0.948665297741273	0.00616016427104723
9	0.871698113207547	0.0226415094339623	0.0440251572327044	0.0616352201257862
10	0.00972222222222222	0.501388888888889	0.0277777777777778	0.461111111111111


TF	T034342_2.00
TF Name	SREBF2
Gene	ENSG00000198911
Motif	M04221_2.00
Family	bHLH
Species	Homo_sapiens
Pos	A	C	G	T
1	0.680589087397393	0.0979398036375342	0.211250603573153	0.0102205053919202
2	0.0418560405876757	0.0588732692104429	0.00539055068174612	0.893880139520135
3	0.00853111670130154	0.924969922344963	0.0610302964016187	0.00546866455211637
4	0.920740337506805	0.0050081654872074	0.0468154599891127	0.0274360370168753
5	0.00595352410217016	0.812079892452468	0.0932398694065681	0.0887267140387939
6	0.484170616113744	0.317440758293839	0.163127962085308	0.035260663507109
7	0.0128164389365533	0.895773752780426	0.0	0.0914098082830209
8	0.00556111667222778	0.940607273940607	0.0224669113558002	0.0313646980313647
9	0.937687105000554	0.000997893336290054	0.057656059430092	0.00365894223306353
10	0.000115127791848952	0.473750863458439	0.0262491365415611	0.499884872208151


TF	T034342_2.00
TF Name	SREBF2
Gene	ENSG00000198911
Motif	M04222_2.00
Family	bHLH
Species	Homo_sapiens
Pos	A	C	G	T
1	0.714238079359787	0.0628542847615872	0.215738579526509	0.00716905635211737
2	0.0229982964224872	0.0248722316865417	0.0020442930153322	0.950085178875639
3	0.0025974025974026	0.965714285714286	0.0304761904761905	0.00121212121212121
4	0.92919026991003	0.00499833388870377	0.0366544485171609	0.0291569476841053
5	0.0	0.92472226828055	0.0625103631238601	0.0127673685955895
6	0.120555284948855	0.679128105211885	0.198002922552362	0.00231368728689722
7	0.0515106488360575	0.0260855208849265	0.00165098233448902	0.920752847944527
8	0.00203125	0.11375	0.87140625	0.0128125
9	0.978592735567643	0.0026320407088963	0.00228110194771012	0.0164941217757501
10	0.00128882587962366	0.247196803711819	0.032736177342441	0.718778193066117


TF	T034342_2.00
TF Name	SREBF2
Gene	ENSG00000198911
Motif	M08059_2.00
Family	bHLH
Species	Homo_sapiens
Pos	A	C	G	T
1	0.574468085106115	0.0425531914894085	0.340425531915068	0.0425531914894085
2	0.0	0.0	0.0	1.0
3	0.0	1.0	0.0	0.0
4	1.0	0.0	0.0	0.0
5	0.0	0.765957446808693	0.191489361701923	0.042553191489383
6	0.170212765957102	0.574468085106345	0.212765957447128	0.0425531914894255
7	0.0	0.787234042553	0.0	0.212765957447
8	0.0	0.936170212766	0.063829787234	0.0
9	1.0	0.0	0.0	0.0
10	0.0	0.297872340426	0.191489361702	0.510638297872


TF	T034342_2.00
TF Name	SREBF2
Gene	ENSG00000198911
Motif	M08741_2.00
Family	bHLH
Species	Homo_sapiens
Pos	A	C	G	T
1	0.181260290624828	0.450721609038875	0.209561542440836	0.158456557895464
2	0.285277609618061	0.369486129431362	0.187886944381479	0.157349316569104
3	0.0560685008443677	0.224668666661691	0.0200558564066714	0.699206976087267
4	0.024481776123733	0.872139579805608	0.0783605505121026	0.0250180935585485
5	0.549545026884344	0.0110182106640535	0.149964409818225	0.289472352633378
6	0.0125552699372696	0.646750799488943	0.229675543265607	0.111018387308179
7	0.113137804438904	0.490635837930688	0.220591369806156	0.175634987824254
8	0.00232943143003245	0.940018237088472	0.00570710700357951	0.0519452244779076
9	0.0363615718580608	0.908992037793467	0.0331928750837735	0.0214535152646909
10	0.740552495705547	0.0612859399534999	0.0485441936782927	0.149617370662656
11	0.0551362409782142	0.568715821171138	0.165129373898342	0.211018563952306
12	0.112789059753842	0.412020450931937	0.301953719451088	0.173236769863137
13	0.117871597195408	0.375035710482517	0.24675666266017	0.260336029661909


TF	T034342_2.00
TF Name	SREBF2
Gene	ENSG00000198911
Motif	M09462_2.00
Family	bHLH
Species	Homo_sapiens
Pos	A	C	G	T
1	0.328	0.566	0.001	0.105
2	0.235	0.138	0.398	0.229
3	0.338	0.139	0.521	0.001
4	0.001	0.01	0.001	0.988
5	0.013	0.96	0.026	0.001
6	0.997	0.001	0.001	0.001
7	0.001	0.802	0.196	0.001
8	0.191	0.375	0.433	0.001
9	0.001	0.997	0.001	0.001
10	0.025	0.961	0.001	0.013
11	0.951	0.047	0.001	0.001
12	0.001	0.703	0.102	0.194


TF	T034342_2.00
TF Name	SREBF2
Gene	ENSG00000198911
Motif	M09882_2.00
Family	bHLH
Species	Homo_sapiens
Pos	A	C	G	T


TF	T034342_2.00
TF Name	SREBF2
Gene	ENSG00000198911
Motif	M09883_2.00
Family	bHLH
Species	Homo_sapiens
Pos	A	C	G	T


TF	T167060_2.00
TF Name	ONECUT1
Gene	ENSG00000169856
Motif	M02943_2.00
Family	CUT,Homeodomain
Species	Homo_sapiens
Pos	A	C	G	T
1	0.355083459787557	0.113935255437532	0.193727870510875	0.337253414264036
2	0.254794520547945	0.0773736419461502	0.175531412376004	0.492300425129901
3	0.0875431778929188	0.0386442141623489	0.0201856649395509	0.853626943005181
4	0.998610935724208	0.0	0.000505114282106327	0.000883949993686071
5	0.00327332242225859	0.00025179403248143	0.000881279113685006	0.995593604431575
6	0.000252429635239177	0.528840085826076	0.00164079262905465	0.46926669190963
7	0.000377928949357521	0.00113378684807256	0.996220710506425	0.00226757369614512
8	0.996346226533955	0.000881945319390198	0.00125992188484314	0.00151190626181177
9	0.00188513258765867	0.00301621214025386	0.00125675505843911	0.993841900213648
10	0.00323314573105017	0.046940486169321	0.00287390731648904	0.94695246078314
11	0.20749358739465	0.0251923781604984	0.0428728471967754	0.724441187248076
12	0.157416750756811	0.108308106289943	0.0692902791792802	0.664984863773966
13	0.150606980273141	0.23697521497218	0.090161861406171	0.522255943348508
14	0.150986342943854	0.244815376833586	0.173874557410218	0.430323722812342


TF	T167060_2.00
TF Name	ONECUT1
Gene	ENSG00000169856
Motif	M02944_2.00
Family	CUT,Homeodomain
Species	Homo_sapiens
Pos	A	C	G	T
1	0.431256572029443	0.121451104100946	0.258280757097792	0.189011566771819
2	0.278366111951589	0.070481445225594	0.252469520334609	0.398682922488209
3	0.0726296123306866	0.0235871088276506	0.0154133582438113	0.888369920597851
4	0.999343228687771	0.0	0.000394062787337449	0.000262708524891633
5	0.00131268049356787	0.0	0.0	0.998687319506432
6	0.00026281208935611	0.62969776609724	0.0	0.370039421813403
7	0.000656771312229082	0.0	0.999343228687771	0.0
8	0.998949579831933	0.00078781512605042	0.000262605042016807	0.0
9	0.000131354262445816	0.000394062787337449	0.000131354262445816	0.999343228687771
10	0.000250783699059561	0.0457680250783699	0.0	0.953981191222571
11	0.185320919175911	0.0128763866877971	0.0482369255150555	0.753565768621236
12	0.141371077762619	0.129860163710778	0.0800648021828104	0.648703956343793
13	0.150216848468918	0.224339597844658	0.103561571822841	0.521881981863583
14	0.15770797739519	0.220396898409778	0.234327769746353	0.387567354448679


TF	T167060_2.00
TF Name	ONECUT1
Gene	ENSG00000169856
Motif	M03715_2.00
Family	CUT,Homeodomain
Species	Homo_sapiens
Pos	A	C	G	T
1	0.465623782219006	0.237655180092412	0.0957245448978456	0.200996492790737
2	0.377635410599884	0.0029120559114735	0.616889924286546	0.00256260920209668
3	0.977335164835165	0.00366300366300366	0.0159111721611722	0.00309065934065934
4	0.0023263929277655	0.00314063045248342	0.0013958357566593	0.993137140863092
5	0.0124103381532506	0.972105203233519	0.00307412045997951	0.0124103381532506
6	0.237824675324675	0.00649350649350649	0.752203153988868	0.00347866419294991
7	0.975102786660576	0.00388305162174509	0.0100502512562814	0.0109639104613979
8	0.00760894627622781	0.00541849204519253	0.0026516024902006	0.984320959188379
9	0.805091937765205	0.026025459688826	0.0266855256954267	0.142197076850542
10	0.500833333333333	0.155555555555556	0.0538888888888889	0.289722222222222
11	0.328258578287856	0.1821056329781	0.0833821290549245	0.406253659679119


TF	T167060_2.00
TF Name	ONECUT1
Gene	ENSG00000169856
Motif	M04673_2.00
Family	CUT,Homeodomain
Species	Homo_sapiens
Pos	A	C	G	T
1	0.223722090717165	0.239907875375856	0.324739300108758	0.211630733798221
2	0.17252711140322	0.28265691751561	0.185384488991127	0.359431482090043
3	0.996811631169494	0.0	0.00318836883050631	0.0
4	0.0	0.0	0.000383680777593043	0.999616319222407
5	0.0	0.821439831844456	0.0	0.178560168155544
6	0.0	0.0	1.0	0.0
7	1.0	0.0	0.0	0.0
8	0.0	0.143217319813648	0.0	0.856782680186352
9	0.0234302361619042	0.55594123845534	0.00768610921713259	0.412942416165623
10	0.230808597748209	0.254094165813715	0.296699078812692	0.218398157625384


TF	T167060_2.00
TF Name	ONECUT1
Gene	ENSG00000169856
Motif	M04674_2.00
Family	CUT,Homeodomain
Species	Homo_sapiens
Pos	A	C	G	T
1	0.199785808056381	0.151143508602225	0.318316865888206	0.330753817453189
2	0.000694992892118149	0.0848523140104249	0.0	0.914452693097457
3	1.0	0.0	0.0	0.0
4	0.0	0.0	0.0	1.0
5	0.0	0.134049299988034	0.0	0.865950700011966
6	0.0	0.0	0.998516729906864	0.00148327009313556
7	1.0	0.0	0.0	0.0
8	0.0	0.0	0.0	1.0
9	0.0	0.431478218813694	0.0	0.568521781186306
10	0.225799765079804	0.177606577765494	0.316140399364334	0.280453257790368


TF	T167060_2.00
TF Name	ONECUT1
Gene	ENSG00000169856
Motif	M04675_2.00
Family	CUT,Homeodomain
Species	Homo_sapiens
Pos	A	C	G	T
1	0.215832257084251	0.288232165919623	0.256324546076122	0.239611030920003
2	0.240522677201246	0.323026665653726	0.284813492364962	0.151637164780065
3	0.0	0.928410213006066	0.0715897869939343	0.0
4	0.183284730408885	0.0	0.816715269591115	0.0
5	1.0	0.0	0.0	0.0
6	0.0	0.0	0.0	1.0
7	0.0	0.998861739262407	0.0	0.00113826073759296
8	0.0	0.0	1.0	0.0
9	0.999544384539449	0.0	0.000455615460551295	0.0
10	0.0	0.0	0.000227859638462707	0.999772140361537
11	0.733928073599108	0.0385837747421243	0.136938946194592	0.0905492054641762
12	0.263845627896376	0.436526627668465	0.133328268631771	0.166299475803388


TF	T167060_2.00
TF Name	ONECUT1
Gene	ENSG00000169856
Motif	M04676_2.00
Family	CUT,Homeodomain
Species	Homo_sapiens
Pos	A	C	G	T
1	0.665641995743675	0.072357531331284	0.195554504611019	0.0664459683140222
2	0.0106663155122465	0.556887016065315	0.125888859626021	0.306557808796418
3	0.153861544617847	0.326930772308924	0.519207683073229	0.0
4	0.413534877270836	0.0	0.586465122729164	0.0
5	1.0	0.0	0.0	0.0
6	0.000942951438000943	0.0	0.00212164073550212	0.996935407826497
7	0.0	1.0	0.0	0.0
8	0.941241931894057	0.0	0.0580903627865569	0.000667705319385711
9	0.999055043704229	0.00023623907394283	0.00023623907394283	0.00047247814788566
10	0.0030631479736098	0.0	0.000471253534401508	0.996465598491989
11	1.0	0.0	0.0	0.0
12	0.515961220146607	0.401749822653109	0.0210451643414519	0.0612437928588319


TF	T167060_2.00
TF Name	ONECUT1
Gene	ENSG00000169856
Motif	M09022_2.00
Family	CUT,Homeodomain
Species	Homo_sapiens
Pos	A	C	G	T
1	0.252	0.15	0.13	0.468
2	0.108	0.198	0.224	0.47
3	0.04	0.176	0.16	0.624
4	0.992	0.006	0.0	0.002
5	0.004	0.0	0.01	0.986
6	0.01	0.156	0.004	0.83
7	0.004	0.0	0.996	0.0
8	0.994	0.002	0.0	0.004
9	0.006	0.018	0.004	0.972
10	0.002	0.322	0.012	0.664
11	0.142	0.136	0.3	0.422


TF	T167060_2.00
TF Name	ONECUT1
Gene	ENSG00000169856
Motif	M10418_2.00
Family	CUT,Homeodomain
Species	Homo_sapiens
Pos	A	C	G	T


TF	T167060_2.00
TF Name	ONECUT1
Gene	ENSG00000169856
Motif	M10419_2.00
Family	CUT,Homeodomain
Species	Homo_sapiens
Pos	A	C	G	T


TF	T167059_2.00
TF Name	ONECUT2
Gene	ENSG00000119547
Motif	M02942_2.00
Family	CUT,Homeodomain
Species	Homo_sapiens
Pos	A	C	G	T
1	0.4053826745164	0.099663582842725	0.221194280908326	0.273759461732548
2	0.260569996868149	0.0745380519887253	0.180394613216411	0.484497337926715
3	0.073953823953824	0.0378787878787879	0.0303030303030303	0.857864357864358
4	0.985903814262023	0.0	0.00580431177446103	0.00829187396351575
5	0.00915522263836871	0.000416146483562214	0.000832292967124428	0.989596337910945
6	0.0	0.620300751879699	0.00668337510442774	0.373015873015873
7	0.00209292591042277	0.0	0.99539556299707	0.00251151109250733
8	0.989596337910945	0.00374531835205993	0.00332917186849771	0.00332917186849771
9	0.00249687890137328	0.00749063670411985	0.000416146483562214	0.989596337910945
10	0.00792393026941363	0.0451664025356577	0.00475435816164818	0.94215530903328
11	0.185185185185185	0.0258325552443199	0.0488639900404606	0.740118269530034
12	0.144280022766079	0.106715993170176	0.0722822993739328	0.676721684689812
13	0.129154396297854	0.216659655027345	0.0807740849810686	0.573411863693732
14	0.153910849453322	0.226661059714045	0.18713204373423	0.432296047098402


TF	T167059_2.00
TF Name	ONECUT2
Gene	ENSG00000119547
Motif	M03714_2.00
Family	CUT,Homeodomain
Species	Homo_sapiens
Pos	A	C	G	T
1	0.30428863172226	0.209666439754935	0.265486725663717	0.220558202859088
2	0.404081632653061	0.107482993197279	0.227891156462585	0.260544217687075
3	0.260714285714286	0.0724489795918367	0.177551020408163	0.489285714285714
4	0.100723427935448	0.0495269894268225	0.0322760155815248	0.817473567056205
5	0.977378576180971	0.0	0.00731869594145043	0.0153027278775782
6	0.0197498354180382	0.0032916392363397	0.00987491770901909	0.967083607636603
7	0.00201748486886348	0.794216543375925	0.0100874243443174	0.193678547410894
8	0.026431718061674	0.00251730648206419	0.924480805538074	0.0465701699181875
9	0.984584450402145	0.0	0.0154155495978552	0.0
10	0.0293577981651376	0.0617737003058104	0.0103975535168196	0.898470948012232
11	0.0142364106988783	0.633735979292493	0.0	0.352027610008628
12	0.0856201975850713	0.217709476765459	0.537504573728503	0.159165751920966
13	0.225850340136054	0.219047619047619	0.349659863945578	0.205442176870748
14	0.221768707482993	0.215646258503401	0.19047619047619	0.372108843537415


TF	T167059_2.00
TF Name	ONECUT2
Gene	ENSG00000119547
Motif	M04667_2.00
Family	CUT,Homeodomain
Species	Homo_sapiens
Pos	A	C	G	T
1	0.229679144385027	0.196078431372549	0.307397504456328	0.266844919786096
2	0.168270723377833	0.235058987891959	0.161246507295871	0.435423781434337
3	0.944523949827427	0.00420910851081741	0.0209613603838707	0.0303055812778853
4	0.070386403719737	0.020362353695687	0.00978034311367645	0.899470899470899
5	0.0136755121042831	0.652932960893855	0.0173999068901304	0.315991620111732
6	0.0145559138847729	0.00505534733722653	0.977948226270374	0.0024405125076266
7	0.992481203007519	0.000973020787262273	0.00557275541795666	0.000973020787262273
8	0.0402447947848068	0.188319031464112	0.0250781613783011	0.74635801237278
9	0.0164727859386941	0.4954572471767	0.0308227901842575	0.457247176700348
10	0.224846270385884	0.214241154977275	0.321807325550307	0.239105249086534


TF	T167059_2.00
TF Name	ONECUT2
Gene	ENSG00000119547
Motif	M04668_2.00
Family	CUT,Homeodomain
Species	Homo_sapiens
Pos	A	C	G	T
1	0.183719733753497	0.117093797228207	0.31618380012219	0.383002668896106
2	0.0	0.0293998314659343	0.0	0.970600168534066
3	1.0	0.0	0.0	0.0
4	0.0	0.0	0.0	1.0
5	0.0	0.150381794090729	0.0	0.849618205909271
6	0.0	0.0	1.0	0.0
7	1.0	0.0	0.0	0.0
8	0.0	0.0	0.0	1.0
9	0.0	0.388041223853241	0.0	0.61195877614676
10	0.217470295994984	0.1731594771452	0.291203755808158	0.318166471051658


TF	T167059_2.00
TF Name	ONECUT2
Gene	ENSG00000119547
Motif	M04669_2.00
Family	CUT,Homeodomain
Species	Homo_sapiens
Pos	A	C	G	T
1	0.349419670128283	0.231521075137447	0.240073304825901	0.178985949908369
2	0.188464298528884	0.456225331898098	0.224076067456046	0.131234302116972
3	0.0608339680121858	0.623476770753998	0.315689261233816	0.0
4	0.144033459678473	0.0	0.855966540321527	0.0
5	1.0	0.0	0.0	0.0
6	0.0	0.0	0.0	1.0
7	0.0	1.0	0.0	0.0
8	0.045196092724887	0.0	0.954803907275113	0.0
9	1.0	0.0	0.0	0.0
10	0.0	0.0	0.0	1.0
11	0.941895584639724	0.0110743563929239	0.0232992952682295	0.0237307636991227
12	0.311803328752481	0.389219728202779	0.0989464040311498	0.20003053901359


TF	T167059_2.00
TF Name	ONECUT2
Gene	ENSG00000119547
Motif	M04670_2.00
Family	CUT,Homeodomain
Species	Homo_sapiens
Pos	A	C	G	T
1	0.212102308172177	0.127365356622999	0.287897691827823	0.372634643377001
2	0.144789002557545	0.016272378516624	0.224040920716113	0.614897698209719
3	1.0	0.0	0.0	0.0
4	0.0	0.00454357703428335	0.00237505163155721	0.993081371334159
5	0.0	0.723028343733554	0.0	0.276971656266446
6	0.0	0.00087719298245614	0.992466460268318	0.00665634674922601
7	0.991852310231023	0.00479579207920792	0.0	0.00335189768976898
8	0.0	0.0	0.0	1.0
9	0.0	0.462542263950597	0.0	0.537457736049403
10	0.308806382325867	0.0368211107701749	0.359281988339982	0.295090518563977
11	0.222511047569535	0.132570834416428	0.22355081881986	0.421367299194177


TF	T167059_2.00
TF Name	ONECUT2
Gene	ENSG00000119547
Motif	M04671_2.00
Family	CUT,Homeodomain
Species	Homo_sapiens
Pos	A	C	G	T
1	0.822722476257475	0.0	0.128385508265916	0.0488920154766092
2	0.0	0.775273450447464	0.0	0.224726549552536
3	0.117782319877363	0.284619315278487	0.597598364844149	0.0
4	0.0	0.0	1.0	0.0
5	1.0	0.0	0.0	0.0
6	0.0	0.0	0.0	1.0
7	0.0	1.0	0.0	0.0
8	0.801851217003771	0.0	0.198148782996229	0.0
9	1.0	0.0	0.0	0.0
10	0.0	0.0	0.0	1.0
11	1.0	0.0	0.0	0.0
12	0.583155194527576	0.316802052159042	0.00983326207781103	0.0902094912355708


TF	T167059_2.00
TF Name	ONECUT2
Gene	ENSG00000119547
Motif	M04672_2.00
Family	CUT,Homeodomain
Species	Homo_sapiens
Pos	A	C	G	T
1	0.169417704416771	0.0901220411900127	0.339733162671218	0.400727091721999
2	0.0	0.00136698119069388	0.0	0.998633018809306
3	0.981444647997906	0.00475442728779552	0.00564424670679578	0.0081566780075024
4	0.0	0.00282259131523935	0.00483368762734738	0.992343721057413
5	0.0	0.0652170300452007	0.0	0.934782969954799
6	0.00210226323150404	0.00281474574929411	0.989585440727612	0.00549755029159007
7	0.989733438902085	0.00318465734142694	0.00208498284507786	0.00499692091141022
8	0.0	0.0	0.00130492676431425	0.998695073235686
9	0.0	0.101291708938115	0.0	0.898708291061885
10	0.28889177601663	0.0223398726776666	0.246836429777836	0.441931921527868
11	0.186163924517568	0.129587655440299	0.207878901007084	0.476369519035048


TF	T167059_2.00
TF Name	ONECUT2
Gene	ENSG00000119547
Motif	M10417_2.00
Family	CUT,Homeodomain
Species	Homo_sapiens
Pos	A	C	G	T


TF	T237343_2.00
TF Name	PAX3
Gene	ENSG00000135903
Motif	M00352_2.00
Family	Homeodomain,Paired box
Species	Homo_sapiens
Pos	A	C	G	T
1	0.279984008528785	0.160047974413646	0.479877398720682	0.080090618336887
2	0.230095541401274	0.230095541401274	0.185863411181883	0.35394550601557
3	0.00691591344837031	0.00691591344837031	6.84743905779239e-05	0.986099698712681
4	0.958709942481512	6.84743905779239e-05	0.0206107915639551	0.0206107915639551
5	0.986099698712681	0.00691591344837031	6.84743905779239e-05	0.00691591344837031
6	6.84743905779239e-05	6.84743905779239e-05	0.0137633525061627	0.986099698712681
7	7.09018718094158e-05	0.269498014747589	0.0142512762336926	0.716179807146909
8	0.259255831173639	0.037115883006294	0.694279896334691	0.00934838948537579


TF	T237343_2.00
TF Name	PAX3
Gene	ENSG00000135903
Motif	M00353_2.00
Family	Homeodomain,Paired box
Species	Homo_sapiens
Pos	A	C	G	T
1	0.269764231269353	0.249023771558529	0.249023771558529	0.232188225613588
2	0.201109247253634	0.312263779896896	0.217859046736764	0.268767926112705
3	0.199702887508489	0.36753946456012	0.220705823526388	0.212051824405002
4	0.294966546864966	0.225171413402332	0.316354034705241	0.163508005027461
5	0.729803194169275	0.0191590444923666	0.242930380174573	0.00810738116378569
6	0.012677417487537	0.183061517881794	0.00808347828053007	0.796177586350139
7	0.170327234667735	0.136690807630902	0.16040814871518	0.532573808986183
8	0.503662290002993	0.134545977958753	0.133207223109908	0.228584508928346
9	0.225061173103343	0.269447144195696	0.264111733267807	0.241379949433154


TF	T237343_2.00
TF Name	PAX3
Gene	ENSG00000135903
Motif	M00354_2.00
Family	Homeodomain,Paired box
Species	Homo_sapiens
Pos	A	C	G	T
1	0.208954291643146	0.311723172930326	0.224105187292805	0.255217348133723
2	0.220750279600791	0.356748876110845	0.220750279600791	0.201750564687572
3	0.284394597059488	0.232842602629688	0.305015532047192	0.177747268263633
4	0.670601240515185	0.0221574699729401	0.298322371103098	0.00891891840877693
5	0.00728481601863987	0.234110256011255	0.0410911259357174	0.717513802034387
6	0.194938483124761	0.14014590208542	0.194938483124761	0.469977131665059
7	0.449222696761702	0.177242481818302	0.136663096683762	0.236871724736234


TF	T237343_2.00
TF Name	PAX3
Gene	ENSG00000135903
Motif	M00355_2.00
Family	Homeodomain,Paired box
Species	Homo_sapiens
Pos	A	C	G	T
1	0.193809049656133	0.316357655301665	0.222933471795598	0.266899823246604
2	0.192070047256132	0.379122789263794	0.214403581740037	0.214403581740037
3	0.326106838767681	0.207934900850458	0.316468925143323	0.149489335238539
4	0.806768884866214	0.00190224970358804	0.178223296619554	0.0131055688106433
5	0.00175091326447308	0.144046694803315	0.0416848401310913	0.812517551801121
6	0.14768777987185	0.12968396471112	0.12968396471112	0.592944290705909
7	0.549891534058803	0.112136967500516	0.114402284510177	0.223569213930503
8	0.23528374963113	0.252343746392572	0.260028757583725	0.252343746392572
9	0.213927740234441	0.294605830622578	0.266570379123375	0.224896050019607


TF	T237343_2.00
TF Name	PAX3
Gene	ENSG00000135903
Motif	M00356_2.00
Family	Homeodomain,Paired box
Species	Homo_sapiens
Pos	A	C	G	T
1	0.400468788826801	0.199843737057733	0.199843737057733	0.199843737057733
2	0.151069310021855	0.151069310021855	0.346167018165368	0.351694361790923
3	0.126564222317088	0.024112439231078	0.228872644905605	0.620450693546229
4	0.699108616284478	0.000318578883317298	0.0954940202743601	0.205078784557844
5	0.000318578883317298	0.805603165399785	0.000318578883317298	0.193759676833581
6	0.90087099466699	0.000318578883317298	0.0984918475663759	0.000318578883317298
7	0.000318578883317298	0.405796224203075	0.0945669557239068	0.499318241189701
8	0.201157078504208	0.000318578883317298	0.605691730329347	0.192832612283127
9	0.239898660057217	0.0504748418255844	0.547986740746876	0.161639757370322
10	0.210414184406201	0.0992492688614628	0.0992492688614628	0.591087277870874
11	0.321381581043282	0.226206139652239	0.226206139652239	0.226206139652239


TF	T237343_2.00
TF Name	PAX3
Gene	ENSG00000135903
Motif	M00357_2.00
Family	Homeodomain,Paired box
Species	Homo_sapiens
Pos	A	C	G	T
1	0.206864355646212	0.302494559345286	0.21965613300048	0.270984952008022
2	0.20291852614524	0.366062670399148	0.219819015161832	0.211199788293779
3	0.310528342894401	0.216648273424662	0.307438534257525	0.165384849423412
4	0.776043462058393	0.00116673415759329	0.211496516233528	0.0112932875504859
5	0.000425146011375186	0.18212210816545	0.0410453431600162	0.776407402663159
6	0.180770513547015	0.140784217512579	0.140784217512579	0.537661051427828
7	0.5255983713217	0.120848460569494	0.122063007789875	0.231490160318931
8	0.239999090023475	0.257400987540702	0.262600832412347	0.239999090023475
9	0.221423628319093	0.287170965453122	0.267756433448081	0.223648972779705


TF	T237343_2.00
TF Name	PAX3
Gene	ENSG00000135903
Motif	M00358_2.00
Family	Homeodomain,Paired box
Species	Homo_sapiens
Pos	A	C	G	T
1	0.28635519895816	0.241587806417393	0.313322494700546	0.158734499923902
2	0.702444240420523	0.0175414390172972	0.26101190652659	0.0190024140355903
3	0.0198684712676004	0.216834440748944	0.014001075064024	0.749296012919431
4	0.209687511794863	0.149249347958088	0.140557742568926	0.500505397678124
5	0.414901717893036	0.160459515036726	0.214442506599815	0.210196260470424
6	0.247979439582123	0.250471674382939	0.288111004391782	0.213437881643156
7	0.224225619063305	0.276622226708808	0.265775714058418	0.23337644016947


TF	T237343_2.00
TF Name	PAX3
Gene	ENSG00000135903
Motif	M00359_2.00
Family	Homeodomain,Paired box
Species	Homo_sapiens
Pos	A	C	G	T
1	0.380378096479791	0.152216427640156	0.25	0.217405475880052
2	8.4717045069468e-05	8.4717045069468e-05	8.4717045069468e-05	0.999745848864792
3	0.976149244332494	7.87153652392947e-05	7.87153652392947e-05	0.0236933249370277
4	0.999765698219306	7.81005935645111e-05	7.81005935645111e-05	7.81005935645111e-05
5	0.0156982193064667	7.81005935645111e-05	0.00788815995001562	0.976335520149953
6	7.81005935645111e-05	0.281240237425804	7.81005935645111e-05	0.718603561387067
7	0.342309077809798	0.02710734870317	0.621487752161383	0.00909582132564841
8	0.266657782515991	0.186700426439232	0.493203624733475	0.0534381663113006


TF	T237343_2.00
TF Name	PAX3
Gene	ENSG00000135903
Motif	M03297_2.00
Family	Homeodomain,Paired box
Species	Homo_sapiens
Pos	A	C	G	T
1	0.112441712590081	0.0208774904620602	0.024692666384061	0.841988130563798
2	0.975804470646033	0.0051584377302874	0.0119135347580447	0.00712355686563498
3	0.996488147497805	0.00175592625109745	0.00175592625109745	0.0
4	0.00384854127870888	0.00707635009310987	0.00273122284295469	0.986343885785227
5	0.000875	0.657625	0.006	0.3355
6	0.333956852475371	0.00773163736126699	0.656815064222472	0.00149644594089039
7	0.984266600594648	0.00210604558969277	0.0125123885034688	0.00111496531219029
8	0.00162621966474856	0.00150112584438329	0.00300225168876658	0.993870402802102
9	0.00382527147087858	0.0118460019743337	0.00394866732477789	0.98038005923001
10	0.751229198184569	0.0372541603630862	0.0229765506807867	0.188540090771558


TF	T237343_2.00
TF Name	PAX3
Gene	ENSG00000135903
Motif	M03885_2.00
Family	Homeodomain,Paired box
Species	Homo_sapiens
Pos	A	C	G	T
1	0.273380726698262	0.178120063191153	0.364296998420221	0.184202211690363
2	0.328949447077409	0.259004739336493	0.161729857819905	0.250315955766193
3	0.122071923457605	0.0372514321706008	0.0812513121981944	0.7594253321736
4	0.987827715355805	0.00210674157303371	0.00760767790262172	0.00245786516853933
5	0.997911165412052	0.00141883104087022	0.000512355653647578	0.000157647893430024
6	0.0019187093742658	0.00512961077609836	0.00148797869841021	0.991463701151226
7	0.0007428839537066	0.418282765092274	0.00926649984360338	0.571707851110416
8	0.0226349170179636	0.0145835706961376	0.961604192776575	0.00117731950932361
9	0.985482427120227	0.00112871210057214	0.0119487798232982	0.00144008095590239
10	0.000629822075263738	0.00157455518815934	0.00110218863171154	0.996693434104865
11	0.00431973848069738	0.00712173100871731	0.00319115815691158	0.985367372353674
12	0.680096696212732	0.102847166263766	0.0491270480795058	0.167929089443997
13	0.226026856240126	0.138388625592417	0.266587677725118	0.368996840442338
14	0.1585245448442	0.317799454997828	0.215196872161447	0.308479127996525


TF	T237343_2.00
TF Name	PAX3
Gene	ENSG00000135903
Motif	M03886_2.00
Family	Homeodomain,Paired box
Species	Homo_sapiens
Pos	A	C	G	T
1	0.495584667637069	0.0834546336729743	0.395245026686075	0.0257156720038816
2	0.987050637804407	0.00251256281407035	0.00579822187862389	0.00463857750289911
3	0.0	0.00175815588982223	0.000586051963274077	0.997655792146904
4	0.000387822377351173	0.0071747139809967	0.00213302307543145	0.990304440566221
5	0.638934067308895	0.2758663830852	0.0620542975103215	0.0231452520955836
6	0.00116867939228672	0.0	0.99474094273471	0.00409037787300351
7	0.0201904761904762	0.00628571428571429	0.000761904761904762	0.972761904761905
8	0.00695033056450246	0.865739955924733	0.000678081030683167	0.126631632480081
9	0.991457969326344	0.0031061929722384	0.0025237817899437	0.0029120559114735
10	0.000527797325826882	0.898486980999296	0.0	0.100985221674877
11	0.037977063357774	0.00188005264147396	0.960142884000752	0.0
12	0.0	0.353596559812353	0.644644253322909	0.00175918686473808
13	0.132501834189288	0.0953778429933969	0.0227439471753485	0.749376375641966


TF	T237343_2.00
TF Name	PAX3
Gene	ENSG00000135903
Motif	M05438_2.00
Family	Homeodomain,Paired box
Species	Homo_sapiens
Pos	A	C	G	T
1	0.15092936802974	0.382899628252788	0.160594795539033	0.305576208178439
2	0.0690080098582871	0.542205791743685	0.285890326555761	0.102895871842267
3	0.000678886625933469	0.00135777325186694	0.912423625254583	0.0855397148676171
4	0.112422360248447	0.0490683229813665	0.00372670807453416	0.834782608695652
5	0.00549115314215985	0.820012202562538	0.014032946918853	0.160463697376449
6	0.983174835405998	0.00146305779078274	0.013899049012436	0.00146305779078274
7	0.00833333333333333	0.861538461538462	0.00128205128205128	0.128846153846154
8	0.106905710491368	0.000664010624169987	0.892430278884462	0.0
9	0.00221729490022173	0.617886178861789	0.375461936437546	0.00443458980044346
10	0.146577380952381	0.308035714285714	0.0944940476190476	0.450892857142857
11	0.380669144981413	0.169516728624535	0.102602230483271	0.347211895910781
12	0.694573643410853	0.0785529715762274	0.182428940568475	0.0444444444444444
13	0.0342231348391513	0.0294318959616701	0.0164271047227926	0.919917864476386
14	0.0513296227581942	0.0853432282003711	0.0321583178726036	0.831168831168831
15	0.775533756491633	0.0380842469705713	0.0623196768609348	0.124062319676861
16	0.28996282527881	0.242379182156134	0.269888475836431	0.197769516728625


TF	T237343_2.00
TF Name	PAX3
Gene	ENSG00000135903
Motif	M05439_2.00
Family	Homeodomain,Paired box
Species	Homo_sapiens
Pos	A	C	G	T
1	0.308836789900812	0.315148782687105	0.200631199278629	0.175383228133454
2	0.177789229580005	0.0829683071373357	0.167740273125483	0.571502190157176
3	0.926870037609695	0.0208942749686586	0.0330129544504806	0.0192227329711659
4	0.984028393966282	0.00842945874001775	0.00532386867790594	0.00221827861579414
5	0.00595744680851064	0.0395744680851064	0.0106382978723404	0.943829787234043
6	0.0	0.958927799394725	0.0203199308257674	0.0207522697795071
7	0.511180679785331	0.00805008944543828	0.480769230769231	0.0
8	0.990620812862885	0.0	0.00759267530147387	0.00178651183564091
9	0.0	0.00312360553324409	0.0071396697902722	0.989736724676484
10	0.0017474879860201	0.0218435998252512	0.00742682394058541	0.968982088248143
11	0.648917495611469	0.165301345816267	0.0555880631948508	0.130193095377414
12	0.201983769161407	0.186203787195672	0.321911632100992	0.28990081154193


TF	T237343_2.00
TF Name	PAX3
Gene	ENSG00000135903
Motif	M05440_2.00
Family	Homeodomain,Paired box
Species	Homo_sapiens
Pos	A	C	G	T
1	0.165405405405405	0.299459459459459	0.300540540540541	0.234594594594595
2	0.12093023255814	0.465891472868217	0.162015503875969	0.251162790697674
3	0.42157751586582	0.128739800543971	0.416137805983681	0.0335448776065277
4	0.78656462585034	0.0527210884353742	0.0663265306122449	0.0943877551020408
5	0.0220661985957874	0.0361083249749248	0.0140421263791374	0.92778335005015
6	0.0285188592456302	0.093836246550138	0.0266789328426863	0.850965961361546
7	0.422907488986784	0.392070484581498	0.133039647577093	0.0519823788546256
8	0.00424178154825027	0.00212089077412513	0.980911983032874	0.0127253446447508
9	0.0736543909348442	0.0434372049102927	0.00944287063267233	0.873465533522191
10	0.024390243902439	0.777964676198486	0.00420521446593776	0.193439865433137
11	0.948717948717949	0.0041025641025641	0.0246153846153846	0.0225641025641026
12	0.0036101083032491	0.834837545126354	0.0	0.161552346570397
13	0.102564102564103	0.0142450142450142	0.878442545109212	0.00474833808167141
14	0.0	0.465665236051502	0.526824034334764	0.00751072961373391
15	0.166855203619909	0.231334841628959	0.0786199095022624	0.523190045248869
16	0.228108108108108	0.241081081081081	0.214054054054054	0.316756756756757


TF	T237343_2.00
TF Name	PAX3
Gene	ENSG00000135903
Motif	M05441_2.00
Family	Homeodomain,Paired box
Species	Homo_sapiens
Pos	A	C	G	T
1	0.172106824925816	0.275964391691395	0.166666666666667	0.385262116716123
2	0.128761371588523	0.358642407277817	0.348845346396081	0.163750874737579
3	0.0048780487804878	0.00221729490022173	0.897117516629712	0.0957871396895787
4	0.125311203319502	0.0298755186721992	0.00539419087136929	0.839419087136929
5	0.029045643153527	0.763108261033572	0.010184835910977	0.197661259901924
6	0.746494464944649	0.0047970479704797	0.245018450184502	0.003690036900369
7	0.00259067357512953	0.873488773747841	0.00129533678756477	0.122625215889465
8	0.0291308500477555	0.00238777459407832	0.966093600764088	0.00238777459407832
9	0.00147856086742238	0.675702316412026	0.32134056185313	0.00147856086742238
10	0.150271873455264	0.26890756302521	0.0627780523974296	0.518042511122096
11	0.415719228868018	0.113692535837865	0.0855165595650025	0.385071675729115
12	0.647982062780269	0.0422805893657912	0.264253683536195	0.045483664317745
13	0.0314494074749316	0.0223336371923428	0.0241567912488605	0.922060164083865
14	0.0496150556030796	0.0637296834901625	0.0213857998289136	0.865269461077844
15	0.779576107899807	0.0373795761078998	0.0489402697495183	0.134104046242775
16	0.31586752347998	0.179436480474543	0.277805239742956	0.226890756302521


TF	T237343_2.00
TF Name	PAX3
Gene	ENSG00000135903
Motif	M05442_2.00
Family	Homeodomain,Paired box
Species	Homo_sapiens
Pos	A	C	G	T
1	0.333027312370897	0.323158136332339	0.153201744319486	0.190612806977278
2	0.176300984528833	0.0917018284106892	0.119268635724332	0.612728551336146
3	0.951408604498799	0.0147412098711509	0.0212928587027735	0.0125573269272767
4	0.985744993777577	0.00701436814119244	0.00373345401063469	0.00350718407059622
5	0.00295760762405521	0.0314382736334757	0.0111731843575419	0.954430934384927
6	0.00193652501344809	0.937385691231845	0.0257127487896719	0.034965034965035
7	0.729864253393665	0.0117647058823529	0.255882352941176	0.00248868778280543
8	0.975263040071636	0.00414148197895679	0.0152227445713006	0.00537273337810611
9	0.00171213331811437	0.00319598219381349	0.000570711106038123	0.994521173382034
10	0.00709927897947865	0.0166389351081531	0.00976150859678314	0.966500277315585
11	0.741468811165007	0.0833971576887073	0.0426346693898392	0.132499361756446
12	0.232640881441524	0.177091702054401	0.315620337426833	0.274647079077241


TF	T237343_2.00
TF Name	PAX3
Gene	ENSG00000135903
Motif	M05443_2.00
Family	Homeodomain,Paired box
Species	Homo_sapiens
Pos	A	C	G	T
1	0.174541947926712	0.279652844744455	0.255062680810029	0.290742526518804
2	0.133380884450785	0.455777460770328	0.126961483594864	0.283880171184023
3	0.473990844777362	0.0990428630878069	0.388680815647108	0.0382854764877237
4	0.85874067937034	0.031897265948633	0.043910521955261	0.0654515327257664
5	0.0151933701657459	0.0156537753222836	0.0147329650092081	0.954419889502762
6	0.0150110375275938	0.0534216335540839	0.0163355408388521	0.91523178807947
7	0.609960014540167	0.143947655398037	0.160668847691748	0.0854234823700473
8	0.00235072872590503	0.00188058298072402	0.974612129760226	0.0211565585331453
9	0.0743907652843095	0.0239418554938008	0.0153911928174434	0.886276186404446
10	0.0324324324324324	0.747027027027027	0.00900900900900901	0.211531531531532
11	0.672615184944841	0.00843608046722907	0.307916937053861	0.0110317975340688
12	0.00582120582120582	0.861954261954262	0.00291060291060291	0.129313929313929
13	0.0641831238779174	0.00179533213644524	0.930430879712747	0.00359066427289048
14	0.0014367816091954	0.480842911877395	0.512452107279693	0.00526819923371648
15	0.161643835616438	0.198630136986301	0.0717808219178082	0.567945205479452
16	0.240713941148095	0.220453449107574	0.194886637723107	0.343945972021225


TF	T237343_2.00
TF Name	PAX3
Gene	ENSG00000135903
Motif	M09585_2.00
Family	Homeodomain,Paired box
Species	Homo_sapiens
Pos	A	C	G	T
1	0.589	0.052	0.146	0.214
2	0.003	0.595	0.401	0.001
3	0.001	0.746	0.001	0.252
4	0.472	0.006	0.505	0.017
5	0.018	0.001	0.075	0.906
6	0.194	0.003	0.787	0.015
7	0.782	0.015	0.102	0.1
8	0.087	0.911	0.001	0.001
9	0.222	0.101	0.025	0.652
10	0.958	0.002	0.039	0.001
11	0.997	0.001	0.001	0.001
12	0.091	0.022	0.018	0.868
13	0.06	0.213	0.195	0.532
14	0.273	0.199	0.29	0.237
15	0.322	0.216	0.27	0.192


TF	T237343_2.00
TF Name	PAX3
Gene	ENSG00000135903
Motif	M10816_2.00
Family	Homeodomain,Paired box
Species	Homo_sapiens
Pos	A	C	G	T
1	0.0	0.0	0.0	1.0
2	0.0	1.0	0.0	0.0
3	0.0	0.0	1.0	0.0
4	0.153846153846154	0.0	0.0	0.846153846153846
5	0.0	0.961538461538462	0.0	0.0384615384615385
6	0.961538461538462	0.0384615384615385	0.0	0.0
7	0.0	0.923076923076923	0.0	0.0769230769230769
8	0.423076923076923	0.0	0.576923076923077	0.0
9	0.0	0.807692307692308	0.153846153846154	0.0384615384615385
10	0.153846153846154	0.192307692307692	0.0384615384615385	0.615384615384615
11	0.0384615384615385	0.307692307692308	0.0	0.653846153846154
12	0.346153846153846	0.384615384615385	0.0	0.269230769230769
13	0.5	0.307692307692308	0.115384615384615	0.0769230769230769


TF	T237343_2.00
TF Name	PAX3
Gene	ENSG00000135903
Motif	M10817_2.00
Family	Homeodomain,Paired box
Species	Homo_sapiens
Pos	A	C	G	T


TF	T237342_2.00
TF Name	PAX4
Gene	ENSG00000106331
Motif	M00347_2.00
Family	Homeodomain,Paired box
Species	Homo_sapiens
Pos	A	C	G	T
1	0.162331201961754	0.37227718753632	0.157533589900143	0.307858020601784
2	0.250260674448766	0.192963889906464	0.293683622039434	0.263091813605336
3	0.373787498784568	0.2030977623347	0.148961435608148	0.274153303272584
4	0.779240861970959	0.012532436365429	0.158907169508392	0.0493195321552201
5	0.0141153972605027	0.145077227702044	0.0853931772202242	0.75541419781723
6	0.183419520257182	0.148676973529154	0.169317557398087	0.498585948815576
7	0.545850755180868	0.119384048690543	0.131939778692688	0.202825417435901


TF	T237342_2.00
TF Name	PAX4
Gene	ENSG00000106331
Motif	M00348_2.00
Family	Homeodomain,Paired box
Species	Homo_sapiens
Pos	A	C	G	T
1	0.149979038042457	0.407685293691732	0.192576896808763	0.249758771457048
2	0.188272604818392	0.30732042659288	0.184544557463618	0.31986241112511
3	0.569577140557629	0.10722122539512	0.189595760062291	0.13360587398496
